4294967278,50
4294967278,49
4294967278,48
4294967278,47
4294967278,46
6,4
4294967294,21
4294967294,160
4294967294,168
4294967294,422
4294967294,97
5,4
4294967294,74
4294967294,174
4294967294,173
4294967294,104
4294967294,106
4294967294,169
4294967294,164
4294967294,183
4294967294,163
4294967294,1354
4294967279,62
4294967279,61
4294967279,60
4294967278,225
4294967278,222
4294967278,220
4294967279,58
4294967279,56
4294967278,218
4294967278,217
4294967278,214
4294967278,213
4294967278,551
4294967279,55
4294967279,54
4294967279,352
4294967278,550
4294967278,210
4294967279,52
4294967279,51
4294967278,209
4294967279,351
4294967278,549
4294967278,207
4294967278,548
4294967279,350
4294967278,205
4294967278,204
4294967278,547
4294967278,198
4294967279,48
4294967279,46
4294967278,537
4294967278,196
4294967278,195
4294967279,45
4294967278,534
4294967278,193
4294967278,532
4294967279,43
4294967279,42
4294967278,531
4294967278,530
4294967278,529
4294967278,188
4294967279,40
4294967279,39
4294967278,187
4294967278,526
4294967278,185
4294967279,37
4294967278,546
4294967279,349
4294967278,183
4294967279,36
4294967279,35
4294967279,34
4294967279,32
4294967279,31
4294967279,28
4294967279,27
4294967279,26
4294967279,24
4294967278,182
4294967278,181
4294967294,392
4294967294,389
4294967294,1357
4294967294,426
4294967294,1023
4294967278,179
4294967278,521
4294967278,522
4294967278,178
4294967278,176
4294967278,518
4294967278,519
4294967279,348
4294967279,347
4294967279,346
4294967278,517
4294967279,23
4294967279,21
4294967278,173
4294967279,322
4294967279,345
4294967278,545
4294967279,20
4294967279,344
4294967278,544
4294967278,168
4294967279,167
4294967278,512
4294967279,19
4294967279,18
4294967278,543
4294967278,538
4294967279,165
12,5
4294967278,0
4294967279,16
4294967279,15
4294967279,14
4294967279,11
12,4
4294967294,1008
4294967294,1004
4294967279,305
4294967279,316
4294967294,29
4294967294,441
4294967294,115
4294967294,120
4294967294,114
4294967294,2
12,3
4294967294,38
4294967294,36
4294967294,42
4294967294,41
4294967294,39
4294967294,393
4294967294,45
4294967294,44
4294967294,53
4294967294,84
4294967294,46
4294967294,1096
4294967294,417
4294967294,82
4294967279,154
4294967294,83
4294967294,94
4294967294,96
4294967279,151
15,6
15,5
15,4
15,3
15,2
15,1
4294967279,149
4294967294,8
0,7
4294967294,153
4294967294,186
4294967294,0
4294967294,91
4294967294,90
4294967294,87
4294967294,85
10,5
10,2
4294967294,9
4294967294,107
4294967294,1
4294967294,86
4294967294,158
4294967294,1022
4294967294,157
4294967294,419
4294967294,28
4294967294,27
4294967294,1359
4294967294,430
4294967294,40
4294967294,37
4294967279,343
4294967279,260
4294967279,0
4294967279,145
4294967294,7
4294967294,6
4294967294,5
4294967294,14
4294967294,126
4294967294,127
4294967294,20
4294967294,13
4294967294,50
2,4
4294967294,92
4294967294,88
3,4
4294967294,470
4294967294,187
4294967294,61
10,4
4294967294,81
4294967278,132
4294967278,131
4294967278,130
4294967278,129
4294967278,128
4294967278,127
4294967278,126
4294967278,125
4294967278,124
4294967278,123
4294967278,122
4294967278,121
4294967278,120
4294967278,119
4294967278,118
4294967278,117
4294967278,116
4294967278,115
4294967278,114
4294967278,113
4294967278,112
4294967278,111
4294967278,110
4294967278,109
4294967278,108
4294967278,107
4294967278,106
4294967278,105
4294967278,104
4294967278,103
4294967278,102
4294967278,101
4294967278,100
4294967278,99
4294967278,98
4294967278,97
4294967278,96
4294967278,95
4294967278,94
4294967278,93
4294967278,92
4294967278,91
4294967278,90
4294967278,89
4294967278,87
4294967278,86
4294967278,85
4294967278,84
4294967278,83
4294967278,82
4294967278,81
4294967278,80
4294967278,79
4294967278,78
4294967278,77
4294967278,76
4294967278,75
4294967278,74
4294967278,73
4294967278,72
4294967278,71
4294967278,70
4294967278,69
4294967278,68
4294967278,67
4294967278,66
4294967278,65
4294967278,64
4294967278,63
4294967278,62
4294967278,61
4294967278,60
4294967278,59
4294967278,58
4294967278,57
4294967278,56
4294967278,55
4294967278,54
4294967278,53
4294967278,52
4294967278,51
4294967279,63
4294967279,59
4294967279,57
4294967279,53
4294967279,50
4294967279,49
